##### list of main council colors --------

nycc_colors <- c(
  "nycc blue" = "#2F56A6",
  "dark blue" = "#23417D",
  "dark grey" = "#666666",
  "medium grey" = "#CACACA",
  "light grey" = "#E6E6E6",
  "off white" = "#F9F9F9",
  "white" = "#FFFFFF",
  "black" = "#222222",
  "maroon" = "#800000",
  "blood orange" = "#B63F26",
  "Bronze" = "#846126",
  "Forest" = "#007534",
  "Blue" = "#1D5FD6",
  "Indigo"= "#3B2483",
  "Violet" = "#8744BC",
  "Brown" = "#674200",
  "terra orange" ="#dc6d4f")

###### for accessibility colorblindcheck::palette_check(), viz palette, pinetools and chroma.js color paletter helper websites were used ------------
# https://projects.susielu.com/viz-palette?colors=[%22#B63F26%22,%22#846126%22,%22#1D5FD6%22,%22#007534%22,%22#666666%22,%22#8744BC%22,%22#3b2483%22]&backgroundColor=%22white%22&fontColor=%22black%22&mode=%22normal%22
# https://gka.github.io/palettes/#/7|s|e6e6e6,800000|ffffe0,ff005e,93003a|1|1
# https://pinetools.com/lighten-color
# example:
#colorblindcheck::palette_plot(indigo)



##### categorical palettes ------------
secondary <- c('#211183','#979797','#1d5fd6',"#d6593f",'#002e14','#9d9dff','#584019')

primary <- c("#660000","#1850b5","#ba9f64","#1f3a70","#b3b3ff","#af6d46","#666666")

##### continuous palettes ---------

# palette based off maroon:#800000
warm <- c('#ffd8d8', '#eeb6b1', '#db958b', '#c67466', '#b05344', '#993123', '#800000' )
# palette based off dark blue:#23417D
cool <- c('#e3eaf7', '#c4cbe2', '#a5adcd', '#8691b9', '#6775a5', '#485a91', '#23417d')
# palette based off black:#222222
bw <- c('#e8e8e8', '#c3c3c3', '#a0a0a0', '#7e7e7e', '#5d5d5d', '#3e3e3e', '#222222')
# palette based off maroon:#800000, light grey:#E6E6E6, and forest:#007534 / blue:#1D5FD6
div <- c('#6d2516','#a93922','#dc6c55',"#e6e6e6",'#53c4de','#2091ab','#155d6d')
# palette based off maroon:#800000, light grey:#E6E6E6, and dark blue:#1D5FD6
div2 <- c('#6d2516','#a93922','#dc6c55',"#e6e6e6",'#acb2d9','#556cb3',"#23417D")
# meant for mapping; palette interpolated from white to nycc_blue, with white removed (can use white as NA)
nycc_blue <- c('#e3e5f2', '#c8cbe6', '#acb2d9', '#909acc', '#7482c0', '#556cb3', '#2f56a6')
# additional council color based palettes
indigo <- c('#e8e4f7', '#ccc1e3', '#b0a0d0', '#947fbc', '#7760a9', '#5a4296', '#3b2483')
blue <- c('#e7eefb', '#cdd4f5', '#b3bbf0', '#98a3ea', '#7a8be3', '#5675dd', '#1d5fd6')
violet <- c('#f3ecf8', '#e2cfee', '#d1b3e5', '#c098db', '#ae7cd1', '#9b60c6', '#8744bc')
bronze <- c('#f7f0e4', '#e5d7c2', '#d2bea1', '#bfa681', '#ac8e62', '#987744', '#846126')
blood_orange <- c('#f9eae7', '#f3cdc4', '#eab1a2', '#e09582', '#d37962', '#c65d44', '#b63f26')
forest <- c('#d1ffe6', '#addbc0', '#89b99b', '#679778', '#467757', '#255837', '#003a1a')

# color and palette functions ------
nycc_cols <- function(...) {
  cols <- c(...)

  if (is.null(cols))
    return (nycc_colors)

  nycc_colors[cols]
}

nycc_palettes <- list(
  # main = nycc_cols("black", "dark blue", "nycc blue"),
  bw = bw,
  main = primary,
  mixed = secondary,
  nycc_blue = nycc_blue,
  warm = warm,
  cool = cool,
  diverging = div,
  indigo = indigo,
  blue = blue,
  violet = violet,
  bronze = bronze,
  orange = blood_orange,
  forest_green = forest
)

#' Make a color palette with NYCC colors. Second iteration from nycc_pal.
#'
#'
#' @param palette One of \code{"bw","main", "mixed", "nycc_blue", "cool", "warm", "diverging", "indigo", "blue", "violet", "bronze", "orange", "forest", "single", "double"}. When palette is set to "single" or "double", it returns the first color and first and second color from the "main" palette respectively.
#' @param reverse Boolean, reverse the order of the selected palette
#'
#' @return The palette inputted, forward or reverse, grabbed from nycc_palettes and with additional palette options for \code{"single", "double"}
#' @export
#'
#' @importFrom grDevices colorRampPalette
#'
pal_nycc <- function(palette = "main", reverse = FALSE) {
  if (palette =="single"){
    pal <- nycc_palettes[["main"]][1]}
  else if (palette =="double"){
    pal <- nycc_palettes[["main"]][1:2]}
  else{
    pal <- nycc_palettes[[palette]]
  }

  if (reverse) pal <- rev(pal)

  return(pal)
}

#' Make a color palette with NYCC colors for scale_*_nycc
#'
#'
#' @param palette One of \code{"bw","main", "mixed", "nycc_blue", "cool", "warm", "diverging", "indigo", "blue", "violet", "bronze", "orange", "forest", "single", "double"}. When palette is set to "single" or "double", it returns the first color and first and second color from the "main" palette respectively.
#' @param reverse Boolean, reverse the order of the selected palette
#' @param ... Further arguments passed to \code{colorRampPalette}
#'
#' @return A function made by \code{colorRampPalette}
#'
#' @importFrom grDevices colorRampPalette
#'
scale_nycc <- function(palette = "mixed", reverse = FALSE, ...) {
  if (palette =="single"){
    pal <- nycc_palettes[["main"]][1]}
  else if (palette =="double"){
    pal <- nycc_palettes[["main"]][1:2]}
  else{
    pal <- nycc_palettes[[palette]]
  }

  if (reverse) pal <- rev(pal)

  raw_pal <- colorRampPalette(pal, ...)

  out <- function(n) {

    names(pal) <- NULL

    return(raw_pal(n))
  }
  out
}

#' DEPRACATED: Make a color palette with NYCC colors
#'
#'
#' @param palette One of \code{"bw","main", "mixed", "nycc_blue", "cool", "warm", "diverging", "indigo", "blue", "violet", "bronze", "orange", "forest", "single", "double"}. When palette is set to "single" or "double", it returns the first color and first and second color from the "main" palette respectively.
#' @param reverse Boolean, reverse the order of the selected palette
#' @param ... Further arguments passed to \code{colorRampPalette}
#'
#' @return A function made by \code{colorRampPalette}
#' @export
#'
#' @importFrom grDevices colorRampPalette
#'
nycc_pal <- function(palette = "mixed", reverse = FALSE, ...) {
  if (palette =="single"){
    pal <- nycc_palettes[["main"]][1]}
  else if (palette =="double"){
    pal <- nycc_palettes[["main"]][1:2]}
  else{
    pal <- nycc_palettes[[palette]]
  }

  if (reverse) pal <- rev(pal)

  raw_pal <- colorRampPalette(pal, ...)

  out <- function(n) {

    names(pal) <- NULL

   return(raw_pal(n))
  }

  .Deprecated("pal_nycc", msg = "'nycc_pal' is deprecated.\nUse 'pal_nycc' for discrete palettes.\ncolorRampPalette() is an option to interpolate more bins.\nE.g. colorRampPalette(pal_nycc(\"main\"))(100)")
  out
}

#' Color and fill scales for ggplots
#'
#' The functions \code{scale_*_continuous} and \code{scale_*_discrete} are
#' exported from this package as aliases for the functions \code{scale_*_nycc}
#' with appropriate default arguments. Because of this, these colors will
#' overwrite \code{ggplot2}'s default scales. To prevent this, either set scales
#' manually in plots by calling \code{ggplot2::scale_*}, or attach
#' \code{ggplot2} after \code{councildown}.
#'
#' When \code{discrete} is \code{TRUE} arguments are passed via \code{...} to
#' \code{\link[ggplot2]{discrete_scale}}. This is the default behavior.
#' Otherwise, \code{...} arguments are passed to
#' \code{\link[ggplot2]{scale_color_gradientn}} or
#' \code{\link[ggplot2]{scale_fill_gradientn}} as appropriate.
#'
#' @inheritParams nycc_pal
#' @inheritParams ggplot2::discrete_scale
#' @inheritParams ggplot2::scale_fill_gradientn
#' @inheritParams ggplot2::scale_color_gradientn
#'
#' @param discrete Boolean, should the scale be discrete?
#' @param ... Further arguments passed to \code{scale_*} from \code{ggplot2}
#'
#' @export
#'
#'
scale_fill_nycc <- function(palette = "mixed", discrete = TRUE, reverse = FALSE, ...) {
  pal <- scale_nycc(palette = palette, reverse = reverse)

  if (discrete) {
    out <- ggplot2::discrete_scale("fill", paste0("nycc_", palette),